Running IDA*, initial board:
 22  17  21  16  20
 18   6   7  15  10
 23  11  12   5   1
 ..  13   8   2   3
 24  19  14   9   4

Try bound 91  22  17  21  16  20
 18   6   7  15  10
 23  11  12   5   1
 13  ..   8   2   3
 24  19  14   9   4

Bound: 90
Dist: 92
 22  17  21  16  20
 18   6   7  15  10
 ..  11  12   5   1
 23  13   8   2   3
 24  19  14   9   4

Bound: 90
Dist: 90
 22  17  21  16  20
 18   6   7  15  10
 23  11  12   5   1
 24  13   8   2   3
 ..  19  14   9   4

Bound: 90
Dist: 92
 22  17  21  16  20
 18   6   7  15  10
 11  ..  12   5   1
 23  13   8   2   3
 24  19  14   9   4

Bound: 89
Dist: 91
 22  17  21  16  20
 ..   6   7  15  10
 18  11  12   5   1
 23  13   8   2   3
 24  19  14   9   4

Bound: 89
Dist: 89
 22  17  21  16  20
  6  ..   7  15  10
 18  11  12   5   1
 23  13   8   2   3
 24  19  14   9   4

Bound: 88
Dist: 90
 ..  17  21  16  20
 22   6   7  15  10
 18  11  12   5   1
 23  13   8   2   3
 24  19  14   9   4

Bound: 88
Dist: 88
 17  ..  21  16  20
 22   6   7  15  10
 18  11  12   5   1
 23  13   8   2   3
 24  19  14   9   4

Bound: 87
Dist: 89
Expansions: 9
ida took 15 milliseconds